TRBV,counts_r,counts_sT,counts_pI
TRBV1*01,0.15926663094235627,0.09753583809613042,0.1365633951888453
TRBV13-2*01,0.1523003904156779,0.12620631500046847,0.11393992384064057
TRBV13-1*02,0.10778534792926588,0.00243605359317905,0.06897483980074319
TRBV3*01,0.10518257674347394,0.0742059402229926,0.03554870402540179
TRBV31*01,0.07410242670137028,0.04328679846341235,0.0736398881768922
TRBV19*01,0.07146137946872848,0.086198819450951,0.11047133670029798
TRBV5*01,0.05266784046543673,0.04544176894968613,0.053944295525925244
TRBV14*01,0.051864043481589225,0.047503045066991476,0.049112432842860924
TRBV13-3*01,0.04497435504861058,0.09360067459945658,0.14199348848981283
TRBV16*01,0.03739569777233408,0.062306755364002625,0.01307479033167286
TRBV2*01,0.03157773865115211,0.021643399231706176,0.01198186901050355
TRBV4*01,0.023999081374875605,0.02904525438021175,0.030481000425664095
TRBV26*01,0.019291127612340198,0.0378525250632437,0.044430127814272406
TRBV29*01,0.018602158769042334,0.04094443923920173,0.04780092725745775
TRBV17*01,0.012899027788410013,0.0247353134076642,0.029946044200039115
TRBV20*01,0.011023501492765828,0.024829007776632626,0.02253143586852732
TRBV30*01,0.00968383985301998,0.004403635341515975,0.005395579996088492
TRBV12-2*01,0.005243818418433744,0.0311065304975171,0.0021513293374595907
TRBV12-1*01,0.0046314016688356425,0.020706455542021926,0.003031418611874878
TRBV15*01,0.003330016075939677,0.0153658765108217,0.0028473476525200467
TRBV23*01,0.002449666998392406,0.003091914175958025,0.001742921896391059
TRBV21*01,0.00022965628109928806,0.0003747774758737,0.0003336286138306317
TRBVxy1,0.000038276046849881346,0.0,0.000011504434959676956
TRBV13-1*01,0.0,0.06652300196758175,0.0
TRBV20*02,0.0,0.00056216621381055,0.0
TRBV9*01,0.0,0.000093694368968425,0.0
TRAV20*01,0.0,0.0,5.752217479838478e-6
TRBV24*02,0.0,0.0,0.000046017739838707825
