TRBV,counts_r,counts_sT,counts_pI
TRBV1*01,4161,1041,23741
TRBV13-2*01,3979,1347,19808
TRBV13-1*02,2816,26,11991
TRBV3*01,2748,792,6180
TRBV31*01,1936,462,12802
TRBV19*01,1867,920,19205
TRBV5*01,1376,485,9378
TRBV14*01,1355,507,8538
TRBV13-3*01,1175,999,24685
TRBV16*01,977,665,2273
TRBV2*01,825,231,2083
TRBV4*01,627,310,5299
TRBV26*01,504,404,7724
TRBV29*01,486,437,8310
TRBV17*01,337,264,5206
TRBV20*01,288,265,3917
TRBV30*01,253,47,938
TRBV12-2*01,137,332,374
TRBV12-1*01,121,221,527
TRBV15*01,87,164,495
TRBV23*01,64,33,303
TRBV21*01,6,4,58
TRBVxy1,1,0,2
TRBV13-1*01,0,710,0
TRBV20*02,0,6,0
TRBV9*01,0,1,0
TRAV20*01,0,0,1
TRBV24*02,0,0,8
