TRAV,counts_r,counts_sT,counts_pI
TRAV16*06,0.08681007425553089,0.015834348355663826,0.01523187188661229
TRAV14-2*02,0.07394932251397077,0.013960460976295325,0.023641613842136144
TRAV13-2*03,0.07050447829748144,0.008245104469221401,0.006753103321330374
TRAV16N*01,0.05917476842991656,0.000093694368968425,0.02104161154124915
TRAV8D-2*03,0.04562504784505857,0.009463131265810925,0.0108084166446165
TRAV14D-1*01,0.037701906147133125,0.016396514569474375,0.01652036860209611
TRAV6-6*04,0.02874531118426089,0.000281083106905275,0.0374181747063493
TRAV6D-7*04,0.028515654903161602,0.0108685468003373,0.027144714287357777
TRAV19*03,0.02675495674806706,0.01405415534526375,0.009922575152721375
TRAV7-4*02,0.02618081604531884,0.0,0.017837626404979122
TRAV7-2*02,0.025989435811069436,0.0303569755457697,0.03601463364126871
TRAV3D-3*02,0.02334838857842762,0.022580342921390426,0.026632766931652153
TRAV7-3*04,0.02273597182882952,0.016771292045348076,0.02010400009203548
TRAV9-4*02,0.01879353900329174,0.01592804272463225,0.021611081071753163
TRAV6N-6*01,0.018372502487943046,0.0,0.010681867860060054
TRAV13-1*02,0.017836637832044706,0.028014616321559074,0.025321261346248982
TRAV8-1*03,0.016420424098599097,0.000843249320715825,0.010538062423064092
TRAV4-4/DV10*02,0.015540075021051827,0.006839688934695025,0.012367267581652727
TRAV7-5*03,0.015501798974201945,0.014710015928042726,0.018545149154999253
TRAV13D-2*03,0.015119038505703132,0.0,0.016503111949656594
TRAV7D-5*02,0.013626272678557759,0.0093694368968425,0.011458417219838249
TRAV9-2*02,0.012937303835259895,0.01555326524875855,0.021818160901027346
TRAV12-2*02,0.012822475694710251,0.0419750772978544,0.03150489513707534
TRAV10*02,0.012401439179361555,0.0020612761173053502,0.01639381981753966
TRAV16*01,0.012286611038811911,0.007214466410568725,0.007086731935161005
TRAV8N-2*01,0.012018678710862743,0.01442893282113745,0.010549566858023768
TRAV5-4*02,0.011827298476613336,0.01892626253162185,0.01803320179929363
TRAV14-3*04,0.011138329633315472,0.009463131265810925,0.007460626071350506
TRAV12D-3*04,0.0102579805557682,0.1544083200599644,0.045661102354957836
TRAV3-3*01,0.0102579805557682,0.003654080389768575,0.016606651864293685
TRAV14D-3/DV8*01,0.00968383985301998,0.02042537243511665,0.01145266500235841
TRAV12-1*06,0.009301079384521167,0.02529747962147475,0.03497923449489779
TRAV4D-3*06,0.009224527290821405,0.009088353789937225,0.008047352254294031
TRAV7D-3*03,0.00880349077547271,0.002904525438021175,0.010520805770624576
TRAV5-1*02,0.008382454260124015,0.003841469127705425,0.005424341083487685
TRAV12D-2*02,0.007616933323126388,0.011243324276211001,0.026667280236531185
TRAV9D-3*03,0.007234172854627574,0.024266841562822074,0.026425687102377967
TRAV4-3*03,0.006660032151879354,0.01218026796589525,0.014156207217882494
TRAV6-7/DV9*04,0.0064303758707800664,0.009650520003747776,0.016376563165100146
TRAV12-3*05,0.0062389956365306596,0.012461351072800525,0.022082762905099917
TRAV21/DV12*03,0.006200719589680778,0.0052468846622318,0.00842699860796337
TRAV15-2/DV6-2*02,0.005779683074332083,0.000655860582778975,0.0010641602337701185
TRAV13N-1*01,0.005703130980632321,0.010962241169305725,0.010906204341773754
TRAV14-1*01,0.005626578886932558,0.0104937693244636,0.0130805425491527
TRAV9N-4*01,0.005626578886932558,0.0048721071863581,0.014955765447580044
TRAV10N*01,0.005550026793232795,0.0,0.007460626071350506
TRAV13D-1*04,0.0051289902778841,0.007214466410568725,0.00702920976036262
TRAV17*02,0.004861057949934931,0.006277522720884475,0.011400895045039864
TRAV7-6*02,0.0045548495751358805,0.006277522720884475,0.0053438100387699465
TRAV3-1*03,0.00424864120033683,0.000093694368968425,0.009819035238084282
TRAV7-1*02,0.004133813059787186,0.004216246603579125,0.008795140526673033
TRAV6-3*02,0.004018984919237542,0.0,0.005119473557056245
TRAV9-1*02,0.003865880731838016,0.0063712170898529,0.00903098144334641
TRAV4D-4*03,0.0034831202633392026,0.0063712170898529,0.013270365725987368
TRAV13D-4*03,0.0032534639822399142,0.001592804272463225,0.0014380543699596196
TRAV7D-4*02,0.0032151879353900332,0.004591024079452825,0.007391599461592444
TRAV1*02,0.0030238077011406263,0.00430994097254755,0.004526995156632882
TRAV15D-1/DV6D-1*07,0.002870703513741101,0.0018738873793685,0.0024274357764918378
TRAV6D-5*02,0.002870703513741101,0.001218026796589525,0.0025654889960079613
TRAV5D-4*05,0.002870703513741101,0.0,0.007328325069314221
TRAV11*02,0.0027941514200413384,0.0044973297104844,0.004291154239959505
TRAV13N-4*01,0.00256449513894205,0.0,0.004078322193205481
TRAV7N-4*01,0.0023731149046926437,0.0035603860208001503,0.004084074410685319
TRAV14-3*01,0.0022582867641429993,0.008713576314063526,0.00941062779701575
TRAV6D-5*01,0.0022200107172931183,0.0035603860208001503,0.0052057568192538225
TRAV13N-3*01,0.0022200107172931183,0.0018738873793685,0.0023066392094152296
TRAVxy2,0.00199035443619383,0.0,0.00377920688425388
TRAV6-4*03,0.0019520783893439487,0.0026234423311159,0.004900889292822383
TRAV6-5*04,0.0019138023424940672,0.007589243886442425,0.014823464445543758
TRAV13-4/DV7*02,0.0019138023424940672,0.0052468846622318,0.003923012321249842
TRAV9D-2*05,0.001875526295644186,0.00393516349667385,0.0038424812765321032
TRAV8D-1*01,0.001875526295644186,0.0,0.003226994006189386
TRAV6-1*03,0.0018372502487943045,0.0052468846622318,0.0051079691220965685
TRAV15-1/DV6-1*01,0.001760698155094542,0.00093694368968425,0.002139824902499914
TRAV6D-3*03,0.0014927658271453724,0.00168649864143165,0.002105311597620883
TRAV10D*03,0.0014544897802954912,0.000093694368968425,0.002686285563084569
TRDVx4,0.0012631095460460843,0.0,0.0013287622378426885
TRAV3-4*02,0.0011482814054964404,0.0014991099034948,0.0032039851362700325
TRAV7D-6*02,0.0010717293117966777,0.00468471844842125,0.005142482426975599
TRAV15D-2/DV6D-2*03,0.0009569011712470336,0.0014991099034948,0.001432302152479781
TRAV6-2*02,0.0009186251243971523,0.00243605359317905,0.004394694154596597
TRAV9D-1*03,0.0008037969838475083,0.00168649864143165,0.0016911519390725126
TRAV13D-3*02,0.0007272448901477456,0.0,0.001564603154516066
TRAV6D-4*01,0.0006889688432978642,0.0035603860208001503,0.003744693579374849
TRAV18*02,0.00011482814054964403,0.000093694368968425,0.000132301002036285
TRAV4-2*02,0.00007655209369976269,0.001218026796589525,0.0018004440711894437
TRAV11N*01,0.00007655209369976269,0.00018738873793685,0.00010929213211693108
TRAV6-6*01,0.0,0.025391173990443175,0.0
TRAV16D/DV11*01,0.0,0.0209875386489272,0.0
TRAV14-2*01,0.0,0.017333458259158625,0.0
TRAV13-2*01,0.0,0.016490208938442802,0.0
TRAV7-4*01,0.0,0.014897404665979575,0.0
TRAV10*01,0.0,0.0146163215590743,0.0
TRAV8-1*01,0.0,0.0123676567038321,0.0
TRAV13D-4*01,0.0,0.007495549517474,0.0
TRAV7D-3*01,0.0,0.007401855148505575,0.0
TRAV8-2*01,0.0,0.007027077672631875,0.0
TRAV12-1*01,0.0,0.0067459945657266,0.0
TRAV10D*01,0.0,0.006464911458821325,0.0
TRAV6D-6*05,0.0,0.006277522720884475,0.0
TRAV9D-3*02,0.0,0.006090133982947625,0.0
TRAV5D-4*01,0.0,0.006090133982947625,0.0
TRAV6-7/DV9*02,0.0,0.00430994097254755,0.0
TRAV6-3*01,0.0,0.0041225522346107005,0.0
TRAV12-3*03,0.0,0.0028108310690527502,0.0
TRAV3-1*01,0.0,0.0028108310690527502,0.0
TRAV7-3*02,0.0,0.0022486648552422,0.0
TRAV8D-2*02,0.0,0.001967581748336925,0.0
TRAV2*01,0.0,0.0014991099034948,0.0
TRAV8-2*02,0.0,0.0014991099034948,0.0
TRAV6D-6*04,0.0,0.0014054155345263751,0.0
TRAV12D-2*05,0.0,0.0014054155345263751,0.0
TRAV12-2*01,0.0,0.00131172116555795,0.0
TRAV6-7/DV9*03,0.0,0.0011243324276211,0.0
TRAV15D-2/DV6D-2*02,0.0,0.0010306380586526751,0.0
TRAV6D-6*01,0.0,0.00093694368968425,0.0
TRAV14D-1*02,0.0,0.00093694368968425,0.0
TRAV10*05,0.0,0.000843249320715825,0.0
TRAV13D-3*01,0.0,0.000843249320715825,0.0
TRAV12D-2*03,0.0,0.000843249320715825,0.0
TRAV8D-2*01,0.0,0.000843249320715825,0.0
TRAV14D-3/DV8*07,0.0,0.000843249320715825,0.0
TRAV10D*02,0.0,0.000655860582778975,0.0
TRAV19*01,0.0,0.00056216621381055,0.0
TRAV9D-4*03,0.0,0.00056216621381055,0.0
TRAV12-3*04,0.0,0.00056216621381055,0.0
TRAV12-3*01,0.0,0.000468471844842125,0.0
TRAV13-4/DV7*03,0.0,0.0003747774758737,0.0
TRAV13-1*01,0.0,0.0003747774758737,0.0
TRAV14-3*03,0.0,0.0003747774758737,0.0
TRAV14-1*02,0.0,0.0003747774758737,0.0
TRAV13D-1*01,0.0,0.000281083106905275,0.0
TRAV6-5*01,0.0,0.000281083106905275,0.0
TRAV7-2*01,0.0,0.000281083106905275,0.0
TRAV5-1*01,0.0,0.000281083106905275,0.0
TRAV4-2*01,0.0,0.000281083106905275,0.0
TRAV4-3*01,0.0,0.000281083106905275,0.0
TRAV17*01,0.0,0.00018738873793685,0.0
TRAV1*01,0.0,0.00018738873793685,0.0
TRAV20*01,0.0,0.00018738873793685,0.00031061974391127784
TRAV13-5*01,0.0,0.00018738873793685,0.0
TRAV4D-3*04,0.0,0.000093694368968425,0.0
TRAV13D-2*02,0.0,0.000093694368968425,0.0
TRAV9D-1*01,0.0,0.000093694368968425,0.0
TRAV12D-1*02,0.0,0.000093694368968425,0.0
TRAV4D-3*01,0.0,0.000093694368968425,0.0
TRAV5D-4*03,0.0,0.000093694368968425,0.0
TRAV9-3*01,0.0,0.000093694368968425,0.0
TRAV12-1*03,0.0,0.000093694368968425,0.0
TRAV12D-3*02,0.0,0.000093694368968425,0.0
TRAV4D-3*02,0.0,0.000093694368968425,0.0
TRAV6D-7*01,0.0,0.000093694368968425,0.0
TRAV7-5*01,0.0,0.000093694368968425,0.0
TRAV5D-4*02,0.0,0.000093694368968425,0.0
TRAVx4,0.0,0.0,5.752217479838478e-6
TRAVxy1,0.0,0.0,0.0005004429207459476
