TRAV,counts_r,counts_sT,counts_pI
TRAV16*06,2268,169,2648
TRAV14-2*02,1932,149,4110
TRAV13-2*03,1842,88,1174
TRAV16N*01,1546,1,3658
TRAV8D-2*03,1192,101,1879
TRAV14D-1*01,985,175,2872
TRAV6-6*04,751,3,6505
TRAV6D-7*04,745,116,4719
TRAV19*03,699,150,1725
TRAV7-4*02,684,0,3101
TRAV7-2*02,679,324,6261
TRAV3D-3*02,610,241,4630
TRAV7-3*04,594,179,3495
TRAV9-4*02,491,170,3757
TRAV6N-6*01,480,0,1857
TRAV13-1*02,466,299,4402
TRAV8-1*03,429,9,1832
TRAV4-4/DV10*02,406,73,2150
TRAV7-5*03,405,157,3224
TRAV13D-2*03,395,0,2869
TRAV7D-5*02,356,100,1992
TRAV9-2*02,338,166,3793
TRAV12-2*02,335,448,5477
TRAV10*02,324,22,2850
TRAV16*01,321,77,1232
TRAV8N-2*01,314,154,1834
TRAV5-4*02,309,202,3135
TRAV14-3*04,291,101,1297
TRAV12D-3*04,268,1648,7938
TRAV3-3*01,268,39,2887
TRAV14D-3/DV8*01,253,218,1991
TRAV12-1*06,243,270,6081
TRAV4D-3*06,241,97,1399
TRAV7D-3*03,230,31,1829
TRAV5-1*02,219,41,943
TRAV12D-2*02,199,120,4636
TRAV9D-3*03,189,259,4594
TRAV4-3*03,174,130,2461
TRAV6-7/DV9*04,168,103,2847
TRAV12-3*05,163,133,3839
TRAV21/DV12*03,162,56,1465
TRAV15-2/DV6-2*02,151,7,185
TRAV13N-1*01,149,117,1896
TRAV14-1*01,147,112,2274
TRAV9N-4*01,147,52,2600
TRAV10N*01,145,0,1297
TRAV13D-1*04,134,77,1222
TRAV17*02,127,67,1982
TRAV7-6*02,119,67,929
TRAV3-1*03,111,1,1707
TRAV7-1*02,108,45,1529
TRAV6-3*02,105,0,890
TRAV9-1*02,101,68,1570
TRAV4D-4*03,91,68,2307
TRAV13D-4*03,85,17,250
TRAV7D-4*02,84,49,1285
TRAV1*02,79,46,787
TRAV15D-1/DV6D-1*07,75,20,422
TRAV6D-5*02,75,13,446
TRAV5D-4*05,75,0,1274
TRAV11*02,73,48,746
TRAV13N-4*01,67,0,709
TRAV7N-4*01,62,38,710
TRAV14-3*01,59,93,1636
TRAV6D-5*01,58,38,905
TRAV13N-3*01,58,20,401
TRAVxy2,52,0,657
TRAV6-4*03,51,28,852
TRAV6-5*04,50,81,2577
TRAV13-4/DV7*02,50,56,682
TRAV9D-2*05,49,42,668
TRAV8D-1*01,49,0,561
TRAV6-1*03,48,56,888
TRAV15-1/DV6-1*01,46,10,372
TRAV6D-3*03,39,18,366
TRAV10D*03,38,1,467
TRDVx4,33,0,231
TRAV3-4*02,30,16,557
TRAV7D-6*02,28,50,894
TRAV15D-2/DV6D-2*03,25,16,249
TRAV6-2*02,24,26,764
TRAV9D-1*03,21,18,294
TRAV13D-3*02,19,0,272
TRAV6D-4*01,18,38,651
TRAV18*02,3,1,23
TRAV4-2*02,2,13,313
TRAV11N*01,2,2,19
TRAV6-6*01,0,271,0
TRAV16D/DV11*01,0,224,0
TRAV14-2*01,0,185,0
TRAV13-2*01,0,176,0
TRAV7-4*01,0,159,0
TRAV10*01,0,156,0
TRAV8-1*01,0,132,0
TRAV13D-4*01,0,80,0
TRAV7D-3*01,0,79,0
TRAV8-2*01,0,75,0
TRAV12-1*01,0,72,0
TRAV10D*01,0,69,0
TRAV6D-6*05,0,67,0
TRAV9D-3*02,0,65,0
TRAV5D-4*01,0,65,0
TRAV6-7/DV9*02,0,46,0
TRAV6-3*01,0,44,0
TRAV12-3*03,0,30,0
TRAV3-1*01,0,30,0
TRAV7-3*02,0,24,0
TRAV8D-2*02,0,21,0
TRAV2*01,0,16,0
TRAV8-2*02,0,16,0
TRAV6D-6*04,0,15,0
TRAV12D-2*05,0,15,0
TRAV12-2*01,0,14,0
TRAV6-7/DV9*03,0,12,0
TRAV15D-2/DV6D-2*02,0,11,0
TRAV6D-6*01,0,10,0
TRAV14D-1*02,0,10,0
TRAV10*05,0,9,0
TRAV13D-3*01,0,9,0
TRAV12D-2*03,0,9,0
TRAV8D-2*01,0,9,0
TRAV14D-3/DV8*07,0,9,0
TRAV10D*02,0,7,0
TRAV19*01,0,6,0
TRAV9D-4*03,0,6,0
TRAV12-3*04,0,6,0
TRAV12-3*01,0,5,0
TRAV13-4/DV7*03,0,4,0
TRAV13-1*01,0,4,0
TRAV14-3*03,0,4,0
TRAV14-1*02,0,4,0
TRAV13D-1*01,0,3,0
TRAV6-5*01,0,3,0
TRAV7-2*01,0,3,0
TRAV5-1*01,0,3,0
TRAV4-2*01,0,3,0
TRAV4-3*01,0,3,0
TRAV17*01,0,2,0
TRAV1*01,0,2,0
TRAV20*01,0,2,54
TRAV13-5*01,0,2,0
TRAV4D-3*04,0,1,0
TRAV13D-2*02,0,1,0
TRAV9D-1*01,0,1,0
TRAV12D-1*02,0,1,0
TRAV4D-3*01,0,1,0
TRAV5D-4*03,0,1,0
TRAV9-3*01,0,1,0
TRAV12-1*03,0,1,0
TRAV12D-3*02,0,1,0
TRAV4D-3*02,0,1,0
TRAV6D-7*01,0,1,0
TRAV7-5*01,0,1,0
TRAV5D-4*02,0,1,0
TRAVx4,0,0,1
TRAVxy1,0,0,87
