TRAV,counts_r,counts_sT,counts_pI
TRAV3D-3*02,0.08385278334869099,0.02268190890945382,0.03469902714371144
TRAV9-2*02,0.07160279689956095,0.017964071856287425,0.016671285424658334
TRAV6D-7*04,0.06076210092687951,0.01633097441480675,0.025758084041948046
TRAV19*03,0.055504363380129006,0.011431682090364725,0.011019384198013448
TRAV8-1*03,0.04916255623611036,0.010161495191435312,0.010494304342118697
TRAV10*02,0.04504309176649141,0.017238250771184904,0.015745102901066205
TRAV16*06,0.044772074367174376,0.031936127744510975,0.026013331194119107
TRAV5-1*02,0.04011057509892135,0.005806568680820178,0.004725718703052756
TRAV16N*01,0.0367499593473901,0.030484485574305935,0.030571316054316594
TRAV9D-3*03,0.03230527399859071,0.02268190890945382,0.023205612520237454
TRAV21/DV12*03,0.027914792129654725,0.021593177281800036,0.006527034319802803
TRAV13-1*02,0.0209767467071386,0.03937579386681183,0.02417555169848748
TRAV12-2*02,0.020705729307821562,0.03973870440936309,0.03029419057481659
TRAV7-2*02,0.0187544040327389,0.038468517510433675,0.025852890127040156
TRAV9D-3*02,0.018103962274378015,0.0007258210851025222,0.006804159799302811
TRAV6N-6*01,0.016911485717383056,0.0,0.010501597117895013
TRAV12D-3*04,0.01588161959997832,0.024315006350934493,0.04938667755721183
TRAV3-3*01,0.015122770881890618,0.031028851388132824,0.021185513630197925
TRAV12D-2*02,0.014797550002710174,0.01614951914353112,0.026253992794737533
TRAV9-4*02,0.013334056046398179,0.02213754309562693,0.018005863391724157
TRAV7D-5*02,0.013334056046398179,0.007439666122300853,0.010100494450197634
TRAV6-6*04,0.013225649086671365,0.025040827436037017,0.030170213386619217
TRAV7-4*02,0.013171445606807957,0.017601161313736163,0.012806114263210863
TRAV13D-2*03,0.012629410808173884,0.0065323897659227,0.010538060996776594
TRAV4-3*03,0.012412596888720257,0.010524405733986572,0.010465133239013434
TRAV1*02,0.011816358610222776,0.005080747595717656,0.004310030483802745
TRAV12-3*05,0.009973440294866931,0.011250226819089094,0.011967445048934525
TRAV12-1*06,0.009648219415686487,0.021956087824351298,0.018939338691092603
TRAV2*01,0.00921459157677923,0.011068771547813465,0.005484167383789618
TRAV6-7/DV9*04,0.008943574177462194,0.02268190890945382,0.01626288998118464
TRAV6-5*04,0.00861835329828175,0.014334966430774814,0.009531657939644987
TRAV7-5*03,0.007967911539920863,0.017601161313736163,0.019515467977421565
TRAV8-1*01,0.007480080221150198,0.012520413718018509,0.006111346100552793
TRAV4D-4*03,0.006992248902379533,0.008709853021230268,0.009874418401131839
TRAV14-1*01,0.006883841942652719,0.015242242787152967,0.009159726375052872
TRAV8N-2*01,0.006721231503062496,0.010524405733986572,0.010837064803605549
TRAV7D-4*02,0.0066670280231990895,0.015423698058428597,0.006286372719184376
TRAV14D-1*01,0.00645021410374546,0.010887316276537834,0.017721445136447835
TRAV17*02,0.006396010623882053,0.007621121393576484,0.007416752964513353
TRAV8D-2*03,0.005799772345384574,0.0,0.013250973585566138
TRAV4-4/DV10*02,0.005149330587023687,0.011068771547813465,0.009050334738408133
TRAV5-4*02,0.004607295788389615,0.02286336418072945,0.01807879114948732
TRAV13-2*03,0.004444685348799393,0.012338958446742878,0.008561718761394962
TRAV6D-5*01,0.004011057509892135,0.0005443658138268917,0.003464068493750091
TRAV3-1*03,0.0038484470703019137,0.006169479223371439,0.008124152214816003
TRAV9-1*02,0.003360615751531248,0.0065323897659227,0.008335642712329167
TRAV7D-3*03,0.0033064122716678413,0.013427690074396662,0.009422266303000248
TRAV13-4/DV7*02,0.003089598352214212,0.006169479223371439,0.004463178775105381
TRAV14-3*01,0.003035394872350805,0.0,0.008270007730342322
TRAV9N-4*01,0.003035394872350805,0.0003629105425512611,0.004929916424789603
TRAV13N-1*01,0.002818580952897176,0.0,0.007868905062644944
TRAV7-6*02,0.002818580952897176,0.008346942478679006,0.006293665494960692
TRAV7-3*04,0.0026559705133069544,0.014879332244601706,0.019479004098539986
TRAV11*02,0.002601767033443547,0.0065323897659227,0.0035078251484079873
TRAV15D-1/DV6D-1*07,0.002601767033443547,0.0018145527127563055,0.0022388821633290063
TRAV16*01,0.0025475635535801397,0.00018145527127563056,0.013688540132145098
TRAV10N*01,0.002493360073716733,0.0,0.004616327066408016
TRAV15-2/DV6-2*02,0.002330749634126511,0.0007258210851025222,0.0010574524875658173
TRAV13-2*01,0.0022223426743996967,0.0030847396116857194,0.0029900380682895524
TRAV13-2*02,0.002113935714672882,0.0005443658138268917,0.0014731407068158283
TRAV5D-4*05,0.0020055287549460674,0.0,0.0065489126471317514
TRAV14-3*04,0.0019513252750826603,0.010524405733986572,0.00918160470238182
TRAV6-3*02,0.0018971217952192532,0.005262202866993286,0.006599962077565963
TRAV16D/DV11*01,0.0018971217952192532,0.009254218835057159,0.005265384110500138
TRAV6-2*02,0.0017887148354924387,0.007621121393576484,0.004711133151500124
TRAV13D-4*03,0.0017887148354924387,0.00018145527127563056,0.001502311809921092
TRAV13D-1*04,0.001680307875765624,0.011431682090364725,0.004463178775105381
TRAV9D-2*05,0.001680307875765624,0.002177463255307567,0.003515117924184303
TRAV7D-6*02,0.001626104395902217,0.005625113409544547,0.004966380303671183
TRAV12-1*01,0.001626104395902217,0.0030847396116857194,0.004871574218579076
TRAV15-1/DV6-1*01,0.0015176974361754026,0.003992015968063872,0.0021149049751316346
TRAV4D-3*06,0.0014634939563119953,0.004354926510615134,0.0069573080906054465
TRAV8D-2*02,0.001409290476448588,0.004536381781890764,0.0035880456819474627
TRAV14D-3/DV8*01,0.001192476556994959,0.015242242787152967,0.015395049663803038
TRAV14-2*01,0.0011382730771315518,0.008891308292505897,0.01582532343460568
TRAV7N-4*01,0.0010840695972681447,0.0,0.003872463937223786
TRAV6D-4*01,0.0010840695972681447,0.005080747595717656,0.003106722480710608
TRAV10*01,0.0010840695972681447,0.003992015968063872,0.0022024182844474264
TRAV14-2*02,0.0010298661174047373,0.016875340228633642,0.016627528770000437
TRAV8D-1*01,0.0009756626375413301,0.0018145527127563055,0.003216114117355348
TRAV13N-3*01,0.0009756626375413301,0.001633097441480675,0.0021440760782368987
TRAV13N-4*01,0.0009756626375413301,0.003810560696788242,0.002027391665815843
TRAV15D-2/DV6D-2*03,0.0009214591576779229,0.0018145527127563055,0.001954463908052683
TRAV6-7/DV9*03,0.0008672556778145157,0.0,0.00016773384285526758
TRAV7-1*02,0.0008130521979511085,0.008891308292505897,0.004557984860197488
TRAV7D-3*01,0.0008130521979511085,0.0030847396116857194,0.0020930266478026865
TRAV10D*02,0.0008130521979511085,0.0,0.0013345779670658245
TRAV6-4*03,0.0007588487180877013,0.004717837053166395,0.004689254824171176
TRAV9D-1*03,0.0007588487180877013,0.0014516421702050445,0.0017648517378684675
TRAV8-2*02,0.0007588487180877013,0.0018145527127563055,0.001203308003092137
TRAV6-1*03,0.000704645238224294,0.006895300308473961,0.00571753620863173
TRAV10D*03,0.000704645238224294,0.003810560696788242,0.002661863158355333
TRAV6D-5*02,0.000704645238224294,0.004536381781890764,0.002020098890039527
TRAV6-6*01,0.0005962382784974795,0.011250226819089094,0.004521520981315908
TRAV6D-6*04,0.0005962382784974795,0.0,0.0003062965826052712
TRAV8D-2*01,0.0005420347986340723,0.0010887316276537834,0.0011157946937763452
TRAV5-1*01,0.0005420347986340723,0.0010887316276537834,0.00010939163664473972
TRAV13D-3*02,0.00048783131877066507,0.0005443658138268917,0.0011012091422237132
TRAV6D-6*05,0.00037942435904385065,0.0,0.0009334752993684456
TRAV3-1*01,0.00037942435904385065,0.002177463255307567,0.0008897186447105498
TRAV6-7/DV9*02,0.00037942435904385065,0.001633097441480675,0.0008022053353947579
TRAV7-4*01,0.0003252208791804434,0.005625113409544547,0.0026035209521448055
TRAV6-3*01,0.0003252208791804434,0.0027218290691344584,0.001502311809921092
TRAV6D-3*03,0.00027101739931703617,0.002903284340410089,0.002669155934131649
TRAV12-2*01,0.00027101739931703617,0.00018145527127563056,0.0008678403173816018
TRAV12-1*03,0.00027101739931703617,0.0003629105425512611,0.0004667376496842228
TRAV5D-4*01,0.00021681391945362893,0.0,0.0013637490701710886
TRAV10*05,0.00021681391945362893,0.001996007984031936,0.0009845247298026574
TRAV4-2*02,0.00021681391945362893,0.002177463255307567,0.0009772319540263415
TRAV6-5*01,0.00021681391945362893,0.0003629105425512611,0.0005615437347763306
TRAV12D-2*05,0.00021681391945362893,0.0010887316276537834,0.0004667376496842228
TRAV19*01,0.00021681391945362893,0.0005443658138268917,0.00014585551552631962
TRAV3-4*02,0.0001626104395902217,0.0027218290691344584,0.003485946821079039
TRAV12-3*03,0.0001626104395902217,0.0,0.0002698327037236913
TRAV6D-6*01,0.0001626104395902217,0.00018145527127563056,0.00018961217018421552
TRAV13D-1*01,0.0001626104395902217,0.0,0.0001166844124210557
TRAV21/DV12*01,0.0001626104395902217,0.0,0.00008751330931579178
TRAV21/DV12*02,0.0001626104395902217,0.0003629105425512611,0.000036463878881579906
TRAV5D-4*02,0.0001626104395902217,0.0,0.000029171103105263926
TRAV10D*01,0.00010840695972681446,0.0,0.0018596578229605754
TRAV12D-2*03,0.00010840695972681446,0.001270186898929414,0.0006782281471973862
TRAV7-3*02,0.00010840695972681446,0.0,0.00035005323726316714
TRAV12-3*04,0.00010840695972681446,0.0003629105425512611,0.0003135893583815872
TRAV12-3*01,0.00010840695972681446,0.001633097441480675,0.0002479543763947434
TRAV4-3*01,0.00010840695972681446,0.0,0.00021878327328947943
TRAV3-4*01,0.00010840695972681446,0.0003629105425512611,0.00016773384285526758
TRAV7-2*01,0.00010840695972681446,0.0003629105425512611,7.2927757763159815e-6
TRAV13D-4*01,0.00005420347986340723,0.0023589185265831974,0.001181429675763189
TRAV8-2*01,0.00005420347986340723,0.0,0.0009334752993684456
TRAV7-3*01,0.00005420347986340723,0.0,0.0006636425956447543
TRAV13-1*01,0.00005420347986340723,0.0005443658138268917,0.00022607604906579542
TRAV14-1*02,0.00005420347986340723,0.0,0.00021149049751316348
TRAV6D-7*01,0.00005420347986340723,0.00018145527127563056,0.00017502661863158357
TRAV12D-1*02,0.00005420347986340723,0.0,0.0001531482913026356
TRAV7D-2*01,0.00005420347986340723,0.0,0.00013856273975000364
TRAV7-5*01,0.00005420347986340723,0.0,0.0001166844124210557
TRAV6-1*02,0.00005420347986340723,0.0,0.00010209886086842374
TRAV14-3*03,0.00005420347986340723,0.00018145527127563056,0.00009480608509210776
TRAV12D-3*02,0.00005420347986340723,0.0,0.00005104943043421187
TRAV11N*01,0.00005420347986340723,0.0,0.000021878327328947946
TRAV6-6*03,0.00005420347986340723,0.0,0.000014585551552631963
TRAV15D-1/DV6D-1*01,0.00005420347986340723,0.0,7.2927757763159815e-6
TRAV4D-2*02,0.00005420347986340723,0.0,0.0
TRAV5D-4*04,0.00005420347986340723,0.0,0.0
TRAV15D-1/DV6D-1*04,0.00005420347986340723,0.0,0.0
TRAV4D-4*04,0.00005420347986340723,0.0,0.0
TRAV13-5*01,0.0,0.0005443658138268917,0.00038651711614474704
TRAV13D-3*01,0.0,0.0,0.0003208821341579032
TRAV20*01,0.0,0.0,0.0003135893583815872
TRAV9-1*01,0.0,0.0,0.0003062965826052712
TRAV6-1*01,0.0,0.0,0.00021149049751316348
TRAV9-3*01,0.0,0.0,0.0001604410670789516
TRAV4-2*01,0.0,0.0,0.0001604410670789516
TRAV5-4*01,0.0,0.0,0.00013856273975000364
TRAV6-7/DV9*01,0.0,0.0005443658138268917,0.0001239771881973717
TRAV8D-1*02,0.0,0.0,0.0001166844124210557
TRAV15D-2/DV6D-2*02,0.0,0.0,0.00010209886086842374
TRAV7-1*01,0.0,0.0,0.00009480608509210776
TRAV1*01,0.0,0.0003629105425512611,0.00009480608509210776
TRAV6-4*01,0.0,0.0,0.00008751330931579178
TRAV18*02,0.0,0.0003629105425512611,0.00007292775776315981
TRAV14-3*05,0.0,0.0,0.00007292775776315981
TRAV11*01,0.0,0.0,0.00007292775776315981
TRAV13-4/DV7*03,0.0,0.00018145527127563056,0.00006563498198684384
TRAV13-3*01,0.0,0.00018145527127563056,0.00006563498198684384
TRAV6-2*01,0.0,0.0,0.00006563498198684384
TRAV5D-4*03,0.0,0.0,0.00005834220621052785
TRAV14-2*03,0.0,0.0003629105425512611,0.00005834220621052785
TRAV9-2*01,0.0,0.0,0.00005834220621052785
TRAV9D-1*01,0.0,0.0,0.00005834220621052785
TRAV12D-1*05,0.0,0.0,0.00005834220621052785
TRAV9D-4*01,0.0,0.0,0.00005104943043421187
TRAV14D-2*01,0.0,0.0,0.00005104943043421187
TRAV9-4*01,0.0,0.0,0.00005104943043421187
TRAV4D-3*01,0.0,0.0,0.00005104943043421187
TRAV4-4/DV10*01,0.0,0.00018145527127563056,0.00005104943043421187
TRAV17*01,0.0,0.0003629105425512611,0.00005104943043421187
TRAV9D-4*03,0.0,0.0,0.00004375665465789589
TRAV15-2/DV6-2*01,0.0,0.0,0.00004375665465789589
TRAV14D-3/DV8*07,0.0,0.00018145527127563056,0.000036463878881579906
TRAV7D-5*01,0.0,0.0,0.000029171103105263926
TRAV13-4/DV7*01,0.0,0.0,0.000029171103105263926
TRAV10*04,0.0,0.0,0.000021878327328947946
TRAV9D-3*01,0.0,0.0,0.000021878327328947946
TRAV4D-4*01,0.0,0.0,0.000021878327328947946
TRAV3D-3*01,0.0,0.0,0.000014585551552631963
TRAV16*02,0.0,0.0,0.000014585551552631963
TRAV12D-1*04,0.0,0.0,0.000014585551552631963
TRAV14-3*02,0.0,0.0,0.000014585551552631963
TRAV14D-3/DV8*03,0.0,0.0,0.000014585551552631963
TRAV13D-2*01,0.0,0.0,0.000014585551552631963
TRAV10*03,0.0,0.0,7.2927757763159815e-6
TRAV12-1*05,0.0,0.0,7.2927757763159815e-6
TRAV6-7/DV9*06,0.0,0.0,7.2927757763159815e-6
TRAV6-2*03,0.0,0.0,7.2927757763159815e-6
TRAV15-1/DV6-1*02,0.0,0.0,7.2927757763159815e-6
TRAV6D-7*02,0.0,0.0,7.2927757763159815e-6
TRAV6D-6*03,0.0,0.0,7.2927757763159815e-6
TRAV7D-3*02,0.0,0.0,7.2927757763159815e-6
TRAV6-5*03,0.0,0.0,7.2927757763159815e-6
TRAV4D-2*01,0.0,0.0,7.2927757763159815e-6
TRAV12D-1*03,0.0,0.00018145527127563056,0.0
