TRBV,counts_r,counts_sT,counts_pI
TRBV13-1*02,5168,289,7740
TRBV13-3*01,2376,406,10122
TRBV16*01,1899,420,10056
TRBV13-2*01,1548,623,12568
TRBV29*01,1325,256,8847
TRBV14*01,1001,335,5793
TRBV19*01,842,279,8596
TRBV5*01,741,339,6169
TRBV1*01,615,329,7189
TRBV12-1*01,608,375,11208
TRBV17*01,401,198,4385
TRBV12-2*01,347,301,7737
TRBV3*01,333,254,8970
TRBV4*01,258,209,6412
TRBV31*01,205,97,3272
TRBV26*01,203,152,4295
TRBV20*01,198,140,3635
TRBV15*01,189,295,5587
TRBV2*01,106,102,2221
TRBV13-1*01,67,66,1072
TRBV30*01,13,18,435
TRBV23*01,5,24,709
TRBV16*04,1,0,0
TRBV21*01,0,3,35
TRBV24*01,0,0,18
TRBV12-1*02,0,1,7
TRBV19*02,0,0,6
TRBV20*02,0,0,6
TRBV1*02,0,0,5
TRBV24*03,0,0,5
TRBV13-2*05,0,0,3
TRBV3*02,0,0,3
TRBV24*04,0,0,3
TRBV24*02,0,0,2
TRBV12-2*02,0,0,2
TRBV13-2*04,0,0,2
TRBV13-2*03,0,0,1
TRBV4*02,0,0,1
TRBV5*04,0,0,1
TRBV31*02,0,0,1
TRBV5*03,0,0,1
TRBV19*03,0,0,1
TRBV16*02,0,0,1
