TRBV,counts_r,counts_sT,counts_pI
TRBV13-1*02,0.2801235839340886,0.05244057339865723,0.0564460845086857
TRBV13-3*01,0.12878746815545558,0.07367084013790601,0.07381747640787037
TRBV16*01,0.10293240826061033,0.07621121393576484,0.0733361532066335
TRBV13-2*01,0.0839069868285544,0.11304663400471783,0.09165560595673926
TRBV29*01,0.07181961081901458,0.04645254944656142,0.06451918729306749
TRBV14*01,0.05425768334327064,0.06078751587733624,0.04224705007219848
TRBV19*01,0.045639330044988886,0.05062602068590093,0.06268870057321217
TRBV5*01,0.04016477857878476,0.061513336962438755,0.04498913376409329
TRBV1*01,0.03333514011599545,0.05969878424968245,0.05242776505593559
TRBV12-1*01,0.032955715756951595,0.06804572672836146,0.08173743090094952
TRBV17*01,0.0217355954252263,0.03592814371257485,0.03197882177914558
TRBV12-2*01,0.01880860751260231,0.0546180366539648,0.05642420618135675
TRBV3*01,0.01804975879451461,0.04608963890401016,0.06541619871355435
TRBV4*01,0.013984497804759065,0.03792415169660679,0.04676127827773807
TRBV31*01,0.011111713371998483,0.017601161313736163,0.023861962340105892
TRBV26*01,0.011003306412271667,0.027581201233895843,0.03132247195927714
TRBV20*01,0.010732289012954631,0.02540373797858828,0.026509239946908594
TRBV15*01,0.010244457694183967,0.053529305026311015,0.04074473826227739
TRBV2*01,0.005745568865521166,0.018508437670114317,0.016197254999197795
TRBV13-1*01,0.0036316331508482844,0.011976047904191617,0.007817855632210732
TRBV30*01,0.000704645238224294,0.00326619488296135,0.0031723574626974517
TRBV23*01,0.00027101739931703617,0.004354926510615134,0.005170578025408031
TRBV16*04,0.00005420347986340723,0.0,0.0
TRBV21*01,0.0,0.0005443658138268917,0.00025524715217105934
TRBV24*01,0.0,0.0,0.00013126996397368768
TRBV12-1*02,0.0,0.00018145527127563056,0.00005104943043421187
TRBV19*02,0.0,0.0,0.00004375665465789589
TRBV20*02,0.0,0.0,0.00004375665465789589
TRBV1*02,0.0,0.0,0.000036463878881579906
TRBV24*03,0.0,0.0,0.000036463878881579906
TRBV13-2*05,0.0,0.0,0.000021878327328947946
TRBV3*02,0.0,0.0,0.000021878327328947946
TRBV24*04,0.0,0.0,0.000021878327328947946
TRBV24*02,0.0,0.0,0.000014585551552631963
TRBV12-2*02,0.0,0.0,0.000014585551552631963
TRBV13-2*04,0.0,0.0,0.000014585551552631963
TRBV13-2*03,0.0,0.0,7.2927757763159815e-6
TRBV4*02,0.0,0.0,7.2927757763159815e-6
TRBV5*04,0.0,0.0,7.2927757763159815e-6
TRBV31*02,0.0,0.0,7.2927757763159815e-6
TRBV5*03,0.0,0.0,7.2927757763159815e-6
TRBV19*03,0.0,0.0,7.2927757763159815e-6
TRBV16*02,0.0,0.0,7.2927757763159815e-6
