TRAV,counts_r,counts_sT,counts_pI
TRAV3D-3*02,1547,125,4758
TRAV9-2*02,1321,99,2286
TRAV6D-7*04,1121,90,3532
TRAV19*03,1024,63,1511
TRAV8-1*03,907,56,1439
TRAV10*02,831,95,2159
TRAV16*06,826,176,3567
TRAV5-1*02,740,32,648
TRAV16N*01,678,168,4192
TRAV9D-3*03,596,125,3182
TRAV21/DV12*03,515,119,895
TRAV13-1*02,387,217,3315
TRAV12-2*02,382,219,4154
TRAV7-2*02,346,212,3545
TRAV9D-3*02,334,4,933
TRAV6N-6*01,312,0,1440
TRAV12D-3*04,293,134,6772
TRAV3-3*01,279,171,2905
TRAV12D-2*02,273,89,3600
TRAV9-4*02,246,122,2469
TRAV7D-5*02,246,41,1385
TRAV6-6*04,244,138,4137
TRAV7-4*02,243,97,1756
TRAV13D-2*03,233,36,1445
TRAV4-3*03,229,58,1435
TRAV1*02,218,28,591
TRAV12-3*05,184,62,1641
TRAV12-1*06,178,121,2597
TRAV2*01,170,61,752
TRAV6-7/DV9*04,165,125,2230
TRAV6-5*04,159,79,1307
TRAV7-5*03,147,97,2676
TRAV8-1*01,138,69,838
TRAV4D-4*03,129,48,1354
TRAV14-1*01,127,84,1256
TRAV8N-2*01,124,58,1486
TRAV7D-4*02,123,85,862
TRAV14D-1*01,119,60,2430
TRAV17*02,118,42,1017
TRAV8D-2*03,107,0,1817
TRAV4-4/DV10*02,95,61,1241
TRAV5-4*02,85,126,2479
TRAV13-2*03,82,68,1174
TRAV6D-5*01,74,3,475
TRAV3-1*03,71,34,1114
TRAV9-1*02,62,36,1143
TRAV7D-3*03,61,74,1292
TRAV13-4/DV7*02,57,34,612
TRAV14-3*01,56,0,1134
TRAV9N-4*01,56,2,676
TRAV13N-1*01,52,0,1079
TRAV7-6*02,52,46,863
TRAV7-3*04,49,82,2671
TRAV11*02,48,36,481
TRAV15D-1/DV6D-1*07,48,10,307
TRAV16*01,47,1,1877
TRAV10N*01,46,0,633
TRAV15-2/DV6-2*02,43,4,145
TRAV13-2*01,41,17,410
TRAV13-2*02,39,3,202
TRAV5D-4*05,37,0,898
TRAV14-3*04,36,58,1259
TRAV6-3*02,35,29,905
TRAV16D/DV11*01,35,51,722
TRAV6-2*02,33,42,646
TRAV13D-4*03,33,1,206
TRAV13D-1*04,31,63,612
TRAV9D-2*05,31,12,482
TRAV7D-6*02,30,31,681
TRAV12-1*01,30,17,668
TRAV15-1/DV6-1*01,28,22,290
TRAV4D-3*06,27,24,954
TRAV8D-2*02,26,25,492
TRAV14D-3/DV8*01,22,84,2111
TRAV14-2*01,21,49,2170
TRAV7N-4*01,20,0,531
TRAV6D-4*01,20,28,426
TRAV10*01,20,22,302
TRAV14-2*02,19,93,2280
TRAV8D-1*01,18,10,441
TRAV13N-3*01,18,9,294
TRAV13N-4*01,18,21,278
TRAV15D-2/DV6D-2*03,17,10,268
TRAV6-7/DV9*03,16,0,23
TRAV7-1*02,15,49,625
TRAV7D-3*01,15,17,287
TRAV10D*02,15,0,183
TRAV6-4*03,14,26,643
TRAV9D-1*03,14,8,242
TRAV8-2*02,14,10,165
TRAV6-1*03,13,38,784
TRAV10D*03,13,21,365
TRAV6D-5*02,13,25,277
TRAV6-6*01,11,62,620
TRAV6D-6*04,11,0,42
TRAV8D-2*01,10,6,153
TRAV5-1*01,10,6,15
TRAV13D-3*02,9,3,151
TRAV6D-6*05,7,0,128
TRAV3-1*01,7,12,122
TRAV6-7/DV9*02,7,9,110
TRAV7-4*01,6,31,357
TRAV6-3*01,6,15,206
TRAV6D-3*03,5,16,366
TRAV12-2*01,5,1,119
TRAV12-1*03,5,2,64
TRAV5D-4*01,4,0,187
TRAV10*05,4,11,135
TRAV4-2*02,4,12,134
TRAV6-5*01,4,2,77
TRAV12D-2*05,4,6,64
TRAV19*01,4,3,20
TRAV3-4*02,3,15,478
TRAV12-3*03,3,0,37
TRAV6D-6*01,3,1,26
TRAV13D-1*01,3,0,16
TRAV21/DV12*01,3,0,12
TRAV21/DV12*02,3,2,5
TRAV5D-4*02,3,0,4
TRAV10D*01,2,0,255
TRAV12D-2*03,2,7,93
TRAV7-3*02,2,0,48
TRAV12-3*04,2,2,43
TRAV12-3*01,2,9,34
TRAV4-3*01,2,0,30
TRAV3-4*01,2,2,23
TRAV7-2*01,2,2,1
TRAV13D-4*01,1,13,162
TRAV8-2*01,1,0,128
TRAV7-3*01,1,0,91
TRAV13-1*01,1,3,31
TRAV14-1*02,1,0,29
TRAV6D-7*01,1,1,24
TRAV12D-1*02,1,0,21
TRAV7D-2*01,1,0,19
TRAV7-5*01,1,0,16
TRAV6-1*02,1,0,14
TRAV14-3*03,1,1,13
TRAV12D-3*02,1,0,7
TRAV11N*01,1,0,3
TRAV6-6*03,1,0,2
TRAV15D-1/DV6D-1*01,1,0,1
TRAV4D-2*02,1,0,0
TRAV5D-4*04,1,0,0
TRAV15D-1/DV6D-1*04,1,0,0
TRAV4D-4*04,1,0,0
TRAV13-5*01,0,3,53
TRAV13D-3*01,0,0,44
TRAV20*01,0,0,43
TRAV9-1*01,0,0,42
TRAV6-1*01,0,0,29
TRAV9-3*01,0,0,22
TRAV4-2*01,0,0,22
TRAV5-4*01,0,0,19
TRAV6-7/DV9*01,0,3,17
TRAV8D-1*02,0,0,16
TRAV15D-2/DV6D-2*02,0,0,14
TRAV7-1*01,0,0,13
TRAV1*01,0,2,13
TRAV6-4*01,0,0,12
TRAV18*02,0,2,10
TRAV14-3*05,0,0,10
TRAV11*01,0,0,10
TRAV13-4/DV7*03,0,1,9
TRAV13-3*01,0,1,9
TRAV6-2*01,0,0,9
TRAV5D-4*03,0,0,8
TRAV14-2*03,0,2,8
TRAV9-2*01,0,0,8
TRAV9D-1*01,0,0,8
TRAV12D-1*05,0,0,8
TRAV9D-4*01,0,0,7
TRAV14D-2*01,0,0,7
TRAV9-4*01,0,0,7
TRAV4D-3*01,0,0,7
TRAV4-4/DV10*01,0,1,7
TRAV17*01,0,2,7
TRAV9D-4*03,0,0,6
TRAV15-2/DV6-2*01,0,0,6
TRAV14D-3/DV8*07,0,1,5
TRAV7D-5*01,0,0,4
TRAV13-4/DV7*01,0,0,4
TRAV10*04,0,0,3
TRAV9D-3*01,0,0,3
TRAV4D-4*01,0,0,3
TRAV3D-3*01,0,0,2
TRAV16*02,0,0,2
TRAV12D-1*04,0,0,2
TRAV14-3*02,0,0,2
TRAV14D-3/DV8*03,0,0,2
TRAV13D-2*01,0,0,2
TRAV10*03,0,0,1
TRAV12-1*05,0,0,1
TRAV6-7/DV9*06,0,0,1
TRAV6-2*03,0,0,1
TRAV15-1/DV6-1*02,0,0,1
TRAV6D-7*02,0,0,1
TRAV6D-6*03,0,0,1
TRAV7D-3*02,0,0,1
TRAV6-5*03,0,0,1
TRAV4D-2*01,0,0,1
TRAV12D-1*03,0,1,0
